Gotta go fast
bg1.png
1
32 36

11 20

 1  2  8  3  4  8  5  6  8  7  8
   1  2  3  4  8  5  6  8  7  8  
 8  8  8  8  8  8  8  8  8  8  8
   8  8  8  8  8  8  8  8  8  8
 8  8  8  8  8  8  8  8  8  8  8
   8  8  8  8  8  8  8  8  8  8
 8  8  8  8  8  8  8  8  8  8  8
   8  8  8  8  8  8  8  8  8  8
 8  8  8  8  8  8  8  8  8  8  8
   8  8  8  8  8  8  8  8  8  8
 8  8  8  8  8  8  8  8  8  8  8
   8  8  8  8  8  8  8  8  8  8
 8  8  8  8  8  8  8  8  8  8  8
   8  8  8  8  8  8  8  8  8  8
 8  8  8  8  8  8  8  8  8  8  8
   8  8  8  8  8  8  8  8  8  8
 8  8  8  8  8  8  8  8  8  8  8
   8  8  8  8  8  8  8  8  8  8
 8  8  8  8  8  8  8  8  8  8  8
   8  8  8  8  8  8  8  8  8  8
